name: flashing_lights_env
channels:
  - conda-forge
  - defaults
dependencies:
  - blas=1.0=mkl
  - bzip2=1.0.8=h0b31af3_2
  - ca-certificates=2020.1.1=0
  - cairo=1.16.0=he1c11cd_1002
  - certifi=2019.11.28=py38_0
  - cloudpickle=1.3.0=py_0
  - cycler=0.10.0=py38_0
  - cytoolz=0.10.1=py38h1de35cc_0
  - dask-core=2.12.0=py_0
  - decorator=4.4.2=py_0
  - ffmpeg=4.1.3=h5c2b479_0
  - fontconfig=2.13.1=h6b1039f_1001
  - freetype=2.9.1=hb4e5f40_0
  - gettext=0.19.8.1=h46ab8bc_1002
  - giflib=5.2.1=h0b31af3_2
  - glib=2.58.3=py38h338c551_1003
  - gmp=6.2.0=h4a8c4bd_2
  - gnutls=3.6.5=h53004b3_1002
  - graphite2=1.3.13=h2098e52_1000
  - harfbuzz=2.4.0=hd8d2a14_3
  - hdf5=1.10.5=nompi_h0cbb7df_1103
  - icu=64.2=h6de7cb9_1
  - imageio=2.6.1=py38_0
  - intel-openmp=2019.4=233
  - jasper=1.900.1=h636a363_1006
  - jpeg=9c=h1de35cc_1001
  - kiwisolver=1.0.1=py38h0a44026_0
  - lame=3.100=h1de35cc_1001
  - libblas=3.8.0=14_mkl
  - libcblas=3.8.0=14_mkl
  - libcxx=9.0.1=1
  - libcxxabi=4.0.1=hcfea43d_1
  - libedit=3.1.20181209=hb402a30_0
  - libffi=3.2.1=h475c297_4
  - libgfortran=3.0.1=h93005f0_2
  - libiconv=1.15=h01d97ff_1005
  - liblapack=3.8.0=14_mkl
  - liblapacke=3.8.0=14_mkl
  - libopencv=4.2.0=py38_2
  - libpng=1.6.37=ha441bb4_0
  - libtiff=4.1.0=ha78913b_3
  - libwebp=1.0.2=hd3bf737_5
  - libxml2=2.9.10=h53d96d6_0
  - lz4-c=1.8.3=h6de7cb9_1001
  - matplotlib=3.1.3=py38_0
  - matplotlib-base=3.1.3=py38h9aa3819_0
  - mkl=2019.4=233
  - mkl-service=2.3.0=py38hfbe908c_0
  - mkl_fft=1.0.15=py38h5e564d8_0
  - mkl_random=1.1.0=py38h6440ff4_0
  - ncurses=6.2=h0a44026_0
  - nettle=3.4.1=h3efe00b_1002
  - networkx=2.4=py_0
  - numpy=1.18.1=py38h7241aed_0
  - numpy-base=1.18.1=py38h6575580_1
  - olefile=0.46=py_0
  - opencv=4.2.0=py38_2
  - openh264=1.8.0=hd9629dc_1000
  - openssl=1.1.1d=h1de35cc_4
  - pcre=8.44=h4a8c4bd_0
  - pillow=7.0.0=py38h4655f20_0
  - pip=20.0.2=py38_1
  - pixman=0.38.0=h01d97ff_1003
  - py-opencv=4.2.0=py38h5ca1d4c_2
  - pyparsing=2.4.6=py_0
  - python=3.8.1=h359304d_1
  - python-dateutil=2.8.1=py_0
  - python_abi=3.8=1_cp38
  - pywavelets=1.1.1=py38h1de35cc_0
  - readline=7.0=h1de35cc_5
  - scikit-image=0.16.2=py38h6c726b0_0
  - scipy=1.4.1=py38h44e99c9_0
  - setuptools=46.0.0=py38_0
  - six=1.14.0=py38_0
  - sqlite=3.31.1=ha441bb4_0
  - tk=8.6.8=ha441bb4_0
  - toolz=0.10.0=py_0
  - tornado=6.0.4=py38h1de35cc_1
  - wheel=0.34.2=py38_0
  - x264=1!152.20180806=h1de35cc_0
  - xz=5.2.4=h1de35cc_4
  - zlib=1.2.11=h1de35cc_3
  - zstd=1.4.4=he7fca8b_1

